494413602150
4993197073160
4972519382500
4961969080
498962271630
4930200570
4930200572000
4930200573247
4930200574000
4930200571800
49511348420
49228249990
492288330
4947148310
4947258190
493312882100
4946519560
4971125930
08002651050
4942117610
4964049242000
4933127721111
4923141930
08001059000
08004772000
4921187910
08002265726
49308181990
4922193713347
4930185551855
4930346460
4951187010
492289089930
496196777260
49221376800
493023533671
4922195710
4951191150
49514194831010
493415950
4997327840
4951921298260
49841886602110
4975524052010
4924156152113
4930181702000
4922899170
496592172100
494662820
4950218000
49228536831412
4964517400
4930184002030
49301868111120
4930186810
49228993050
493070300
4930184413424
49301868110920
4930185809430
493018174764
4930184002030
493018172451
4930185350
4930183002250
4930185551100
4930185808050
0188852729442794
493018172673
49301868111047
4930186156114
4930184000
4930184411452
4930185551184
4930184002070
493378805931
4940428180
49332035810
4926198190
4930857810
4922137780
4940202070
496211830
4922854069
4961318020
4962144560
4962215108064300
494039800
4940361370
49228996100
4922268820000
4930184413425
4925186700
4933274670
493816596459
4975717360
4962142952115
49228810070
4574623833
4930184012770
499111790
497119410
499111790
493055555
496966700
4951198850
4943133950
4921143060
496818490
4937191180
4934513320
49228996290
4930187140
4933762450130
49674287150
493040046420
492614000
492613908185186187
49305000877
49228994010
4930184010
49228995500
4922195714002
491802316465
49301843210
4922136730
4922157760
49421160820
49351879960
49361664890
495111260740
49431982770
496131146720
4989126030
49251534050
49681967020
49385591410
497116155570
49302888563
4922855040
492289941040
496963331
4934156340
4999416030
49696333258
49696333273261
49696333317
499119430
499119430
4952193160
4953135450
4953135450
4953135450
4953135450
4953135450
4953135450
4953135450
4953135450
4942183910
4942183910
4942183910
4942183910
4942183910
4942183910
4942183910
4942183910
4942183910
4942183910
4942183910
4942183910
4942183910
4942183910
4942183910
4937149010
4937149010
4937149010
4937149010
4937149010
4937149010
4937149010
4923190580
4923190580
4923190580
4923190580
4923190580
4923190580
4923190580
4921198630
4921198630
4921198630
4921198630
4991194328655
4991194328655
4933644920
4969698130
4991194371102
4991194371102
4939416760
4940235010
4991194317962
49221924260
4968819260
4968819260
4991194381000
4991194381000
4938847200
4944120600
4965114630
4993198070
499119430
4922884910
49341309770
4938301860
494031900
4938145635
492289995820
492286190
49841965060
49661679310
49203393420
49447118070
49302063280
4930183330
4930183330
49228993053761
4930183336710
4989316030
49433113220
49433113220
49301844499999
4930184458210
4918444000
495312993401
492217920
4961969080
4961969080
4961969080
49301870300
49301870300
49301870300
49301870300
49301870300
49301870300
49301870300
49301870300
49301870300
4971125400
4923190710
4930515480
49371335180
49351563950
49301868145771
4922841080
4922841080
496925616161607
495116430
49556291460
4930369930
499131810400
4926113060
49228377870
493031810
49251981680
4936134820
49761557700
495418180330
4926139080
49391506650
498959950
4935535740
4938125290
492289968450
49403068600
49897463470
49364384686
493081040
493020149
493081040
493081040
493081040
4922897440
4971113560
492204430
493024511009
4949416020
4972197260
4940819080
492289400
49221976680
49711164890
49211944850
493028878956
493040040300
4936126360
492615050
497222771390
4992146010
497141899283
4922899740000
49301877700
49761478170
49301877700
49301877700
4930648450
49301877700
49610380430
49301870300
49301870300
491606966016
493025980
4922830770
4922177620
497218196401
49511169980
4969269590
498992310
497211590
492289930730
492281070
49611752235
49441961950
4930184120
4930184120
4930184120
49228996400
4930184000
494018231218
494018231218
494018231218
49307877070
494511224250
4930184000
4930184000
4922894990
4922894990
4922830320300
49431200833000
4965114480
4922830320550
49611550
4930186820
49228996825199
4930186820
4930185800
49228995800
49228992400
4930182424242
4930186810
49228996810
4930186810
4930185270
49228995270
4922899570
493018570
4930183000
49228993000
49228993000
49228995290
4930185290
493020179130
493020179130
492289410
4930184410
4930183050
49228993050
4930186150
49228996150
4930186150
49228995350
4930185350
4930186810
49228996810
496983021
49894366310
49911919930
49304146457
49304146457
49304146457
49228140
496131180
4968193300
4930224800
49303838660
3227379000
49931355760
4989699370
49331979970
49451490550
49304170740
4941925020
4930911440
496934004999
49511676750
492613990
4989121490
49350179560
4922412380
49703121280
49331979970
493020000
492282000
493020000
49301891000
49301891000
49228997210
4930187210
49302849390
3227438646
4969256160
49511956650
49362062450
49511956650
49632492400
493915045450
49352424530
4950329610
49342590400
4956131071
4922335930
4922898260
4953135480
494031908311
49302400870
49302400870
4930208987650
492289300
49303198950
49421343400
4930590097309
49228987270
4972191010
492217580
492217580
492217580
492217580
492217580
492217580
492217580
492217580
492217580
49228993583666
49228993583666
49228993583666
49228993583666
49228993583666
49228993583666
49228993583666
49228993583666
49228993583666
49228993583666
49228993583666
49228993583666
49228993583666
49228993583666
49228993583666
49228993583666
49228993583666
49228993583666
49228993583666
49228993583666
49228993583666
49228993583666
49228993583666
4934120070
018885272551
49611754863
492415610
49962178470
495237910
498651790
4950514750
493049810
4994228080
49228962012001
497251982540
493921900
4935322520
4935146540
4936134260
4940866480
49973278488
4951167980
4956819970
49484177650
496781510
49841886600
498341920
494313840
492616799920
4922039080
49819191520
4949191950
49265149600
498912490
495192120
492511333980
494419290
490452274440
4938180250
4942611880
4975735040
4939762500
49731189960
4993197070
493443330
49442148380
4950314050
49633256653
4934112479351
493036870
4940866480
495119030
4972162680451453
49561766823002
4926191437222
492219377740
49899926923480
493443330
4993197070
493028410
4973117100
494488500
494069470
3265444969
33369322701
441895826380
3907096430
31455263691
48918116740
49222688297545000
17033903303
492612810
492284060
492284060
492284060
492284060
4922189920
492289996210310
49228995150
49302545040
493023634080
4922854020
4930284910
493044320
4930443202002
4939153735
4938564340
49220390540
496196793500
493491420260
4922136733673
49800262626
4930408140
493412434112
496971470
492289977990
493024636306
4968193812100
493050150810
33677524416
0031455278211
003265445704
49345472390
49895203090
39064425931
49306705910
495315921901
49696109430
493020649134
496995660
497119440
498928895
493034750
4951130330
494037070
496923880
492118740
496995660
493418600
4954196330
492288851
492283776600
4922844600
496196790
4930130010
4922149860
49303009030
496915250
4934122710
492215692444
49071136533560
49308650
492343040
0019155686937
0019402323806
49696700338
495416003542
4922895550
49228604970
0017033903301
4922895300
492284290
493046460
4969974640
492288820
49302022080
492288820
497631902101
33388432003
492515062092
48914445900
493040040400
49302270
49761200402
493020370242
49302045690
493024728014
4930590097309
493030881010
4922820910
496967000
493032303490
3227380320
4930202250
49307730720
3227401640
492289596221
4922137710
4930377110
3227401620
4998146533540
4930629800
49228400010
493022691844
4961359323
496980620
494066900
494066900
4971195520
49711550400
4903313160
4989159380
49301877110
302103307400
902123937600
2022735146020227352321
3491561090434914110163
39064888141
96415530793
96311374981209631137498130
9671287175177096714852120
982122216339
4918887711311
96265346924
498419311404
97226284792
498928676760
492289977120
49188877110
49699758180
4923458770
4921133821
494089980
4933762770
492283369070
496232654381
49228949270
4933200880
4922832940
4930390010
492213403080
4930897890
4989623060
49345681780
496221420
49331200980
4971448480
498921791
49301868144286
498921951000
4936414054
4930259920
498586979074800
4955138510
4930284600
4930854040
49471482070
390415206355
49613593230
49308390010
49302607400
4922036010
4930670550
492284470
495312950
495517090
496298280
498153280
4971168620
49228308990
4930450539124
4935121046312
495513920287
493916724531
4989440046507
493814949471
4970712987641
492302926237
4961037070
496978072600
496978072600
496978072600
31433661317
498997800
498997800
498997800
498997800
498997800
4942153720
493063496101493041013807
49304306111493063496220
493063496101
4935188250
49361223230
4940507117100
495117797101
4922035707111
493414667100
49257193950
49911360590
49689380080
497119484953
4930652111763
4930403680800
4928196611060
4956193670
493341581511
4923423953731
49731962540
492283867343
49228975690
494313840
494421687
493327502044
4922898260
4930770070
4935142430
49361349630
4920124200
49692385510
49681389770
4934567830
4940239080
4938574520
4951136570
4972118090
49711228160
49221916570
4989548560
4991124930
49228207170
493081920
4930590011960
49403500120
49461141490
49303101810
49384369300
4926198190
4926198190
4951191150
4957164580
4943315940
49911206450
4926198190
4923631040
493063922600
49341496110
4930275770
4969583032400
497247808555
49303999340
49228923790
16098447630
4961317851
4936233530
493063923330
4945371880
494537188369370
492461610
492518336033
492461610
4935126073001
497119702500
497214640392
4934555890
4935188230
4976188570
4971197000
4924189040
4976145880
493412310390
4937145000
498912055013
498912050
492241142500
492214706082
4976151590
492241142808
4936418070
4933156810
4933156810
497119702124
4971197000
4980246430
4980318052684
495618041870
4961517050
4961517050
49689790710
4968979071251
4968949800
4968949800
4936774670
493616531221110
494412172400
49895470880
4935125860
4963168000
4939140900
4939140900
4942122460
493512537300
4942122460
494141787070
494212246126
493814024110
4961511550
497119704001
4953121550
4951192962212
4991317760
4991317760
499561317672
499913615678
493514640701
49911580617500
49911580617500
49911580610
49911580610
4991317610
49371560198203
4937312033100
49911235680
49911568549160
492241143000
493512553700
4935188815501
493660193010
4976127140
49762890500
49762691570
4924189060
4923197430
492033783130227
4924160850
4924160850
4924160850
4929723020
4930310020
492251180
493034637000
4972160910
493328330280
4930390060
4953121550
496151869100
492241143272
4993141000
4993141000
4993429221701
4992178693120
494821170
49231976770
4972168090
49631316000
4951153500
4953161816001
4920885980
49215492510
499661908400
4981614910
493514640801
49351833910
4976151420
4937153970
4935147720
493583540860
4956172940
4947114290100
49341355361000
4968193020
493046403100
4935179557212
4981539097500
492241140
492288830
4930269356
493835170
495315963102
49514138460
4936418040
4950348710
4933170190
494086674700
494086674700
499745345010
4939088903010
4922039081610
4972181910
49341487370
4922870900
4943133940
4949416020
4951191150
4925127080
4961319790
4993141050
4939128870
492283030
49228996820
49228996820
4933164610
4963218940
4925186700
4940428200
499113760
49221222550
492216720
4991113310
49302000990
4922120570
4922120680
4930885890
4953180120
4989320040
38445251450
74952211802
3315558311133155583112
496159710
493641947601
493641947601
4930856112320
49228652556
4962112460
49221476940
494042825593
4920269581102
4989159210
493025906473
498912580
4921177780
4924190910
4982150120
4930690090
4952130470
495251879150
4953138090
4942138971141
49615191800
4923195710
4935146440
4934149190
4920371340
4921121010
49361601760
493355630
49692578290
49064149590
49404262060
4951154699100
49713189700
4948219020
4972118331
49431200830
49261983760
4902219413015122021
4921518500
498718060
4976211700
4976115090
4939150740
4989599500
4989510900
4925148140
4991194630
49441210250
4954133010
4933150590
4994120860
4992816090
49803130060
4968183080000
49972164640
49951966660
49773182050
4938313560
497119220
4973196480
49308050010
494721567400
4930285340
498931870
498931871301
498931871301
49228308180
49302063290
493080620
493080620
493512600
493512604427
4953161810
4968130270200
494316000
493412351800
4934555850
4934555850
494152870
4933283520
493312880
49338436240
49338436240
49968191182
494065411
4964211840
49228996290
49228996297001
493050001177
494512031715
4962142954212
4925186700
496115516715
49561935933114956193593312
49894363038983174
49223257939818
493086585038
496980624254
4962142954212
498992240
4933556250
4922895060
4923190510
4965122220
496591101
496762121
4990715800
4988416090
4933678660
493614320
49228996800
49228996800
49228996800
49228996800
49228996800
49228996800
49228996800
49228996800
49228996800
49228996800
49228996800
49228996800
4971122250
49897806090
494131400590
49899926923980
499419435450
498999269229262932
49263294622001
498999269222512253
49302308220
49895427060
4989126880
4956916290
49302787780
4991143000
4969945450
4957229682100
4921133890
495315960
49394647100
493083040
495312995
495315960
4961514070
4962218680500
493512616214
493820945200
4933203480
49251871060
493946470
496345410
4968158660
497216080
497216080
497216080
497216080
497216080
493067781401408
492116193400
49511866994444
496117995000
498912495111
4971125403900
4944216862821
493040050
4922140010
49302801790493028017927
493020617322
493049813593
494316672486970
4922039083500
498931686050
4943188141
4976131980
4936435450
493582377300
49228536831412
495119033804
493341581511
4922855047025
493036873931
4964329402011
492618960
493443331708
4949191954001
492225930
4922855041112
493049814550
49221376890
4930269960
4922412460
4930185809010
4930183002100
4930186155010
493018174023
493018172577
493018177306
4930186156710
49301861566806429
494613160
49351473850
4969247030
496974310
492288318003
4930202645050
496974313030
322333850
492288310
4934529970
4930263970
4930254890
4930397870
4930259200
493025486112
4922891710
49615170010
4960787850
4971152100
4908931686040
493315861490
4942187190373
4940866484310
496117990
493855113110
495112841905
492119593521
496131562570
49683112712605
493518230
49391662462380
494313841011
493614321800
49699591040
493094793100
49302060490
3222742060
492214785600
498161712980
4953126160
4934529280
4933156990
493641656000
4923113920
493063923530
495116432302
49556291460
4923110840
4933174990
4938293680
4776144400
493839112111
4969247080
49302933600
49531590990
499518633400
4962115810
494318805084
4961313939340
4935146590
493370178131
4930641815
492418023300
4938112810
493063923001
49341600550
4936415321000
4968193000
49391626392411
4938208685
493412352308
4935146790
4938151970
4934555820
493948250
49364120600
493834554300
4935146580
4942121856750
4933627930
4934127177060
4940480510
49345775360
4970719790
493051680
4922891220
4922891220
4922891220
4922891220
4940238317555
4933432820
49421238000
496512012877
4936134269210
4947959410100
49442147455
4953123550
4953123558099
4953123558309
4953123558110
4953123558207
4953123558410
4953123558550
4922039084082
4922039083134
494421490
493816363132
494316070
4938180250
4978349790
4972166250
4992218031
494316091
4952317410
49228377860
493063921505
493094060
493094061300
498921080
4921167920
492083061
4922896560
4989329901
493834881000
4930183052505
493067942670
4922833888230
4973116903060
49308891408591
49696060600
4930202094101
496960600
49911230880
49228185150
492281071608
49228812920
4930185808245
49814153601110
493518233031
494131759950
4922881630
49410497710
493932338874
49892422780
496103770
493020377481
49302576790
492219318170
4930184002050
495315920
493034810
493067941913
49383483120
4971113560
493312882500
4930182720
4926189613103
496926957790
492461619431
493020199431
4938120356281
4922860884201
4972122656
4930187540
4930187540
4930187540
49613191240
4930443100
4920181490
49302636960
49611752390
49899926924710
498912490
4994207541002
493443331009
492664503408
4973489807010
4943154090
49358187910
4968719050
4983212781037
492676952035110
4951167830
4946131350
4981572732110
4981572730
492289459830
49301891000
496975420
49358147605100
493517958414403
49301861564316421
493018171270
4930185350
493018177630
4930186156182
493018172655
4956193590
495619280
4956110060
49258794114031
49611751
49228996430
4930186449428
498921862123
493301810912
493301810912
4933012000
49330936080
49399252478
4922249210
497119559850
497119559850
493026394311
4930203040
493917277630
49302592970
493020629980
492283689370
493643430130
492018401151
49632192629
4922891650
4934122200
493046777790
493046777790
493025993300
49941297140
492323162106
495141933550
4930266412888
4930266447500
4930266451500
49302660
4930254810
49302660
49302660
49622191070
493643430130
49302545090
4930880070
4954120197110
4922855046101
493085404170
4940432020
49896807730
494069090
4944017080
495117628989
498341922018
493028876980
4922894013271610
49089299775
492519362451
498912492663
492218060
4934021030
493089030
493089030
493089030
4961037040
4937437760
4930185551550
4930185551800
4969478630
498960040
4941229862140
4934202772410
4934202772410
4969758970
49306399060
4930258000
493040040200
499745345010
494419293333
494419293333
494419293333
498992356
498992356
497211550
4930186814336
49302270
4940236560
4930770030
4952158010
4920334870
4922044070
4961313890
4971419190
4989500950
4936122360
4935181450
4993179430
4962215070
496221389360
49627180760
49713696260
49622992150
4991120000
49941798810
499421430700
499913721280
49851955190
4985195519533
499545445500
4991167096511
49917447320
49944291860
4991167096540
4994181090
49351843250
493518432360
493534280331
493421729511
4934914340
493915300
493922283205
493932273311
4938779234333
493471346090
493461331653
493922283264
4948616150
494682948500
4948616150
494725815930
4948616150
4947215670
4940441100
49410393140
494141411180
49412493655
49410393140
4949218020
494919606780
494921802400
49492291280
494921802430
4949328698960
495931848111
495931848170
495933934590
494405929010
495931848150
4941535580
494542844060
4938845449290
494152846910
49387565000
493871451030
493991181550
4941528469123
4960213850
49060213950
496967868870
496181923380
49937299020
499342934890
4997212060
499351990640
49933250490
49938184830
49952194350
49931619930
49531866030
495137825290
49511950852220
49531866032320
49511950852920
4957164580
495461945910
495472949910
4957164580
4957164580
4958190790
495363973000
49583298300
495819460150
49390466030
49413691260
4926198190
496441447990
49643295280
49260596400
49267160230
49654293790
4968160020
4965136090
49653196370
49650793810
496583993930
4965136090
49711255520
49713320060
49714488860
4971125552433
497131797740
4948528850
4943136030
4943315940
4943136030
4943315940
4976127180
4907667906630
497851485660
497229185120
49722918512220
4962115050
49721565060
49623260610
49624165350
49613394060
4933342760
49330120470
49333545160
49330746780
49398282530
493356639590
49333685460
49333229100
493336261890
4938312490
494313603300
49451388850
49384146090
49384146090
493831249520
49154388850
493831249540
493831249540
493831249540
4967213060
496115410770
49674192030
4926198190
492633472950
49221973500
492289452240
492218879230
4921156530050
4933812660
49331281570
493381266452
49338553980
49393387330
493381266462
4955419520
4956231205
496623919513
495541999910
4952712411
495151924512
4942318980
4957051443130
4950218877700
494231970795
4951436215
4942516729890
4942153780
494218304410
4942169212211
4944120939211
494401708340
4947148350
4947148350
4944211860
4920345040
492034109590
492323922350
492819423190
492362921730
492363910040
49232398500
4959719160
4923819019252
4925917990503
49251239381
4954598028452
495971916250
49545980280
492066418111
4928229130360
492811648690
492066993970
4960213120
4930695320
4923631040
4951191155111
4953513940
493915350
4943136030
496221507401
4930695320
49303308050
493068297911
49336274070
49336784330
49336177320
49306548150
493022738100
4984636520
4965191290
498459801
4943514670
49865176821001
495931430
4926198369214221423
495192136201
49812295900
494421491
4930203720
49307261610
49711239770
498954461611
4930726161216
4940808034311
4969365062630
492114561187
49302639480
4922137760
4930254910
494318814555
494042834219
492225934210
498960806790
49928184041403
49228993700
4943154091650
498937558495001
498003550600
491805355050
492281071604
496131979111
496994437111
49832167552102
495117625409
4922519533001
49621123501
4922519530
4922039081610
4933197140
49258194114602
4924519920
493312899157
493341582323
492615794205534
4921611851141
4950218003010
4922843320310
4926514970
4930695830
493355632046
4935629520
493974650290
4930695830
4935121346125
493581464501
49341128300701
49201279630
4924160980
492114210
4928215970
492216728626
492203591581
4925187010
49592188040
4969507750
496969033301
4963134270
49561310980
496815016212
4940675710
494718002229
49431200834000
4938151965
49511336110
4952152460
4942150991
4939150740
4989510902
4983829313100
498997590600
4991194630
4996139177200
49711520410
49761282980
4972197290
49773299480
492216720
493050010400
4922891220
4930259272820
49561932790
49561932790
