494413602159
4993197073169
4972519382500
49894891148
4930200572175
4930200572175
4930200572175
4930200572175
495113484241
492282499920
49228833199
4947148311149
4947258193283
4947258193283
494651956200
497112593100
49911218101
49421176191991
4969850917920
49331277222992
49231419311139
08001059001
496351403701
4921187911125
49391287847878
493081819991
49301855541855
49511870115989
492289089938
4961967772651
492213768027
493023522057
4922195714009
4951191152400
493415953109
495192124169
49841886602119
4975524052018
4924156152109
493018173402
493018173402
4918104002030
49301868111138
49228993053225
4930184414499
49301868110828
493018105809430
4930181754764
4930104002030
4930181752451
4930185352501
49183002269
4930185809525
018885271871
4930181752674
4930186155449
4930184002357
4930206404960
4930104002070
493378870013
494042818400
493320358112
4926198192159
493085781500
4922137781199
4940202072495
496211835191
4922854065129
49613180220800
4962144561217
496221510848549
494039801666
494036137204
49228996101610
4930184413422
4925186708666
493327467288299
493816596379
497571736200
4962142951316
492288100752
4930184012779
499111792123
497119411640
499111794202
49305555994999
49696670459
4951198857777
4943133959999
492114306377
49681849180
493719118697
493451332555
49228996295100
4930187144100
49337624501339
4967428715499
493040046421
4926140012660
492613908202
49228994011270
4930184011270
49228995501620
4922193712407
49221367346614662
4922157761777
494211608255
493518799690
493616648966
4951112607466
49431982778889
4961311467275
498912603321
492515340599
496819670290
4938559141290
4971161555788
49302829262
4922855045761
49228994105050
49696333235
493415634415
499941603222
49696333446
49696333425
49696333441
499119431000
499119431000
495219316199
495313545199
495313545199
495313545199
495313545199
495313545199
495313545199
495313545199
495313545199
494218391199
494218391199
494218391199
494218391199
494218391199
494218391199
494218391199
494218391199
494218391199
494218391199
494218391199
494218391199
494218391199
494218391199
494218391199
493714901199
493714901199
493714901199
493714901199
493714901199
493714901199
493714901199
492319058199
492319058199
492319058199
492319058199
492319058199
492319058199
492319058199
492119863199
492119863199
492119863199
492119863199
4991194328699
4991194328699
493364492199
496969813199
4964149410262
4964149410262
493941676199
494023501199
497219653199
4922192426199
496881926199
496881926199
499119439999846
499119439999846
493884720199
494412060199
496511463199
499319807199
499119433499
4922884919999
493413097740
493830186117
494031905000
493814563948
492289995825400
492286191870
498419650630
496616793115
492033934255
494471180745
493020632818493020632844
4930183331885
4930183334885
49228993053765
4930183336751
4930183336751
4930183336751
4930183336751
4930184458099
491844489999
495312993002
492217922915
4961969081800
4961969081800
4961969081800
49301870301140
49301870303450
49301870302609
49301870302470
49301870302808
49301870302501
49301870302888
49301870302704
49301870302751
49301870302655
4923190712454
4930515484170
49371335186222
4935156395210
49301868145880
4922841081550
492284108123
496925616161429
495116432304
495562914622
493036993100
4991318104099
4926113065302
4922837787200
493031811460
4925198168139
493613482120
4976155770140
492613908202
4939150665183
498959953377
493553574170
4938125293499
492289968453444
494030686060
498974634715
493643846889
49308112029
493020141070
493020141070
493020141070
493020141070
492289744870
492289744870
49220443673
493024511012
494941602378
4972197264540
494081908373
492289401520
4922197668278
497111648921
49211486509
493028878955
493040040333
4936126362000
49261505226
497222771397
499214601111
497141899212
49228997400033
4930187770582
4976147817900
4930187770111
4930187770999
493064845166
4930187770695
49301870303450
49301870303450
49228997211107
493025982205
492283077160
492217762159
497218196455
4951116998159
496926959159
49899231201
497211591609
49228993075207
492281072977
49611752235
494419619533
4930184124741
4930184124741
4930184124741
49228996409008
4930184002357
493078770750
494511224259
4930184002357
4930184002357
492289499400
492289499163
4922830320326
49431200833118
4965114481001
4922830320720
496115512141
4930186823260
49228996825185
4930186824420
4930185809525
49228995808325
49228992445754
493023003918
49301868112926
49301868112926
49301868112926
4930185271830
49228995272965
4922899573601
4930185783601
4930183001942
492289930034283429
492289930034283429
49228995293179
4930185294262
4930183054375
49228993053225
4930186157010
49228996154436
4930186157010
492285353500
4930185352501
49698302241
498943663190
499119199349
498979367880
498979367880
49228148872
496131185600
496819330700
493022480459
493038386666
3227379009
4993135576225
4989699375100
49331979971010
49451490555121
49304170741190
4941925024444
4930911441199
4969693075
49511676751110
492613991199
4989121491199
493501782915
4922412381199
49703121281170
49331979971010
493020001999
492282001999
493020001999
4930189100400
4930189100400
49228997212990
4930187212991
493028493911
3227438656
4969256161476
4951195669600
493620624599
4951195669600
496324924030
49391504545111
493524245320
495032961199
493425904020
495613107475
492289826199
495313548246
494031908340
493024008799
493024008799
4930208987652
4930185554400
4930319895210
494213478714
4930590097400
492286420024
497219101382
492217582823
492217582823
492217582823
492217582823
492217582823
492217582823
492217582823
492217582823
492217582823
492217582823
492217582823
492217582823
492217582823
492217582823
492217582823
492217582823
492217582823
492217582823
492217582823
492217582823
492217582823
492217582823
492217582823
492217582823
492217582823
492217582823
492217582823
492217582823
492217582823
492217582823
492217582823
492217582823
4934120071000
018885271204
49611754863
4924156157009
49962178473129
495237911669
498651793429
49505147521219
493049811760
4994228083080
49228962012179
497251982545109
493921902129
4935322522301
4935146544743
493613427547
4940866485105
4997327843505
495116798588
495681997249
49484177654500
496781512718
49841886607331
498341924113
494313845805
492616799925107
4922039082345
49819191525060
4949191955110
49265149603714
498912493018
495192122260
492511333984221
494419292535
490452274442100
493818024102
4942611882109
4975735042823
4939762501008
49731189962450
4993197074111
493443332408
49442148383567
4950314052015
49633256655116
4934112479348
493036872504
4940866484212
495119034636
4972162680499
49561766823007
4926191437219
4922193777447
49899926923484
493443331908
4993197072385
493028411043
494069472930
3265445149
33369322709
441895826389
3907096433504
31455263802
48918116745
49222688297541103
17033903354
492284062661
492284063710
492284063801
492284064722
492218992300
49228379014
4922899515113
493025450422
4930236340888
492285402150
493028491119
493044321215
493044322250
493915373900
493856434133
4922039054222
496196793650
493491420270
4922136733636
49405267771125
493040814999
493412434133
496971471376
492289977995550
493024636120
4968193812111
493050150840
493454723919
4989520309900
390644259355
493067059115
495315921905
496961094390
493020649136
496995663077
497119441903
498928893598
493034751990
4951130332500
494037073342
496923881044
492118742424
496995663077
493418602389
495419633190
492288852777
492283776800
4922844601766
496196791115
4930130019876
4922149861290
493030090313
496915251010
493412271444
492215692776
492215692776
493086527240
4923430466050
49696702691
4954160079039
492289555100
492286049730
0017033903360
492289530600
492284293000
49304631998
4969751903
49228882444
49302041267
49228882444
497631902106
33388432005
4925145270
48914445909
493040040422
493022736878493022736979
49761200509
493020370252
493020456944
493024721245
4930590097400
493030881011
492282091200
4969674906
493032303489
3227380327
4930202255255
493077307200
493077307200
492289596222
492213771128
493037711999
493037711999
4998146533550
493062980150
492284000167
4930226677129
4961359323110
496980624484
494066901735
494066902699
497119552141
4971155040110
49331316291292
498915938141
4930187711168
302103814762
9021239376407614
20227370770
34915640054
39064884973
39064884973
96311374981299631137498139
9671485213
982122216339
4918887711313
96265336924
498419311428
97226287388
498928676780
4922899771249
4918887711189
496997581838
492113382603
494089983282
493376277413
496232654290
4922894927130
493320088444
492283294399
493039001100
4922134030828
493089789200
498962306162
493456817847
496221422995
493312009850
497144848290
49892179324
49228996813802
498921952221
493641405690
493025992404
493025992404
495513851228
493028460603
493085404450
494714820755
390415206780
4961359323110
49308314750
49307854350
4922036013502
4922036013502
4922036013502
495312952271
495517092101
49629828112
498153282243
497116862349
4935121046399
4935121046399
493916724532
4989440046508
493814949472
497071294796
492302926239
4961037071396
4961037071396
4961037071396
4961037071396
4961037071396
4961037071396
4961037071396
4961037071396
4961037071396
4961037071396
4961037071396
4961037071396
4961037071396
4961037071396
4961037071396
4961037071396
4961037071396
4961037071396
4961037071396
4961037071396
4961037071396
4961037071396
4961037071396
4961037071396
4930652113333
4930403680810
4956193671163
493341581519
4923423953730
4973196254200
492283867344
492289756955
494313841201
494421685506
493327502049
492289826199
493077007101
493514243440
4936134963201
492012420699
4969238551186
4968138977671
493456783201
494023908199
493857452149
495113657399
497211809399
4971122816299
4922191657490
498954856699
499112493150
4922820717150
492288192232
4940350012149
494611414919
4930310181105
4938436930102
4926198192155
4926198192155
4957164581900
494331594448
4991120645117
4926198194155
492363104222
493063922602
493027577111
497247808259
49303927009
492289237929
492289237929
496131785340
493623353500
494537188244
494537188313
492461618100
492461618100
492461618100
4935126073005
497119702508
497214640730
493455589101
493518823266
497618857224
497119701399
492418904198
4976145889000
49341231039199
4937145001101
498912057531
492241142460
492214706076
497615159400
492241142080
493641807600
493315683000
493315683000
497119702299
497119703395
498024643366
4980318052697
495618043187
496151705214
4961517058601
4968979071490
4968979071490
496894980400
496894980400
493677467467
493616531221111
494412172450
4989547088220
493512586105
4963168001099
493914090596
493914090596
494212246300
493512537399
4944136116280
49414178707682
494212246300
493814024199
496151155105
497119704200
49531351587
495119296992212
4991317762019
4991317762019
4991317762019
4991317762019
493514640703
493514640703
493514640703
493514640703
493514640703
499131761390
49371560198299
4937312033199
499112356812
49911568549165
4922411443000
493512553600
4935188815509
493660193013921
497612714316
497628905077
497628905077
492418906121
492033783266
49241608510000
49241608510000
49241608510000
492972302319
493031002213
49225118277
493034638000
497216091413
493328330282
49303911037
495312155900
496151869224
492241143007
499314100199
499314100199
4993429221799
4992178693122
494821174250
4923197677199
49689152
49631316001099
495115350155
4953161816099
4920885981290
492154925161
492154925161
498161491491
493514640803
49351833913300
497615142510
4935147722103
493583540864005
495617294100
495617294100
493413553681000
4968193025901
493046403111
493046403111
4981539097511
49228883432
49228883432
49383517219
4953159631993299
4951413846117
493641804228
495034871143
493317019188
499745345019
4939088903050
4922039081614
497218191590
493414873797
4922870909010
4943133946399
494941602378
4951191153400
492512708115
496131979155
499314105380
4939128873030
49228996827399
49228996827399
493316461400
496321894930
4925186708666
4940428202592
499113762270
49221222553981
492216724500
499111331200
4930200099111
492212057212
492212068856
493088589111
495318012200
498932004300
38442302035
74952211803
33155583118
496159712785
493641947602
493641947602
4930856112322
49228658093
496211246100
4922147694199
494042825547
4920269581109
498915921450
493025906565
49891258356
492117778120
4924190911500
4922830398150
493069009209
4952130479010
49525187915100
495313809200
4942138971199
49615191801900
4923195711999
4935146443900
493414919101
492037134111
492112101222
4936160176910
493355631099
49692578294000
4940426206760
4971318970199
494821902200
4972118331010
49431200831150
49261983761010
49215185018881
498718061065
4976211701090
4976115091150
493915074334
498959952488
498951092054
4925148141000
4991194631199
494412102526
4954133011200
493312308109
4994120861399
499281609119
49803130069911
4968183080010
49972164641800
4995196666750
49773182051901
4938313561121
497119222209
497319648299
494721567364
493028534109
498931873322
498931873322
498931873322
492283081830
493020632959
4930806242181
4930806212990
493512690461
493512690461
4953161812655
4953161812655
494316002805
493412351388
493412351388
493412351388
494152871403
493328352452
494065412869
496421184139
49228996295100
49228996299216
49228996299216
494512031709
4962142954222
4962142954222
4962142954222
4956193593328
49894363038981699
49894363038981699
49894363038981699
49894363038981699
4962142954222
4989985369
493355625300
492289506199
492319051155
49228996805050
49228996805050
49228996805050
49228996805050
49228996805050
49228996805050
49228996805050
49228996805050
49228996805050
49228996805050
49228996805050
49228996805050
497112264346
498978060922
4941314005959
49899926923983
499419435465
49899926922333
49263294622005
49899926922255
493023082222
498954270623
498912688191
495691629501
493027877899
499114300260
4957229682019
492113190910
495315961099
49394647110
493083042002
493083042002
493083042002
496151407290
4962218680515
4962218680515
4962218680515
493320348425
492518710633
492518710633
492518710633
496815866239
4972160844290
4972160844290
4972160844290
4972160844290
4972160844290
493067781325
492116193395
49511866994372
498912495190
4971125403006
4944216862836
493040051590
49221404035
493028017920
493020617199
49304981423591
494316672486974
498931686054
494318814500
497613198111
493643545454
493582377301
495119033809
493341581519
4922855047029
4964329402099
4926189610299
493443331797
4949191954610
4922855041112
4949814559
492213768959
4922412462591
4930185809525
4930183002119
4930181754023
4930181752577
4930181757306
494613161650
493514738536
496974312944
492288319500
4930202641292
496974311900
322333859
492288317148
493452997333
493026397397
493025489111
49303948679
493025920299
493025486107
49228234154
4961517001123
49607875839
4971152104096
4942187190379
4940866484313
496117998093
493855113104
495112841909
49211959103521
496131562509
49683112712655
493518234263
49391662462389
494313841019
493614321709
4969558481
493094739109
493020604955
3222742069
492214787102
498161712970
495312616418
493452928499
493315699849
493641656351
492311392120
493063923544
495116433665
495562914622
492311084308
493317499200
49382936850
4776141929
493839113026
496924708444
493029336025
4953159099199
499518633411
496211581200
494318805212
4961313935326
493514659540
493370155391
493064181600
4938112815000
493063923003
4934160055198
4936415320800
496819300223
49391626392419
493820868602
493412352313
493514679212
493815197440
4934555821009
49394825139
493834554301
493514658284
4942121856941
493362793111
493412717997060
494048051103
493457753820
497071979100
49305126104
492289122212
492289122212
492289122212
492289122212
492289122212
493343282212
494212380030
496512012071
4936134269219
4947959410108
4953123559099
49531235580998097
4953123558399
4953123558199
4953123558299
4953123558499
4953123558599
494421492037
493816363108
494316072585
493818023297
49783497938
497216625111
499221803244
494316092222
495231741100
492283778619
493063921509
49309494161
49309494161
498921081111
492083062980
492289656111
498932992200
498932992200
4922833888233
4973116903065
49308891408561
49696060666
4930202094119
49696060666
499112308896
499112308896
492281072964
4922881292219
4930185801234
49814153602980
493518233653
4941317599511
492288163400
494104977114
493932338874
498924227824
496103771234
493020377515
4930257679199
49221324548
4930104002050
495315929292
49303481490
49306794291907
493834831211
4971113563395
493312882600
4930182722555
4926189613199
49692695779
492461615837
493020199470
493020199470
4922860884299
497212031403
4930187542328
4930187542328
4930187542328
4961319124199
493044310222
492018149200
4930263696109
49611752538
49899926924039
4994207541037
493443331038
492664503401
4973489807039
4943154091778
4935818791200
496871905133
4983212781064
492676952035119
4951167836015
4946131353075
4981572732220
492289459833
4969746238
4947605101
493517958414404
4930181751270
4930185352501
4930181757630
4930181752655
495619359217
495619282486
4956110062391
49258794111111
49611754000
49228996438990
4930186449430
498921863187
493301810928
493301810928
493301810928
493309360829
493309360829
492224921111
4971195598530
4971195598530
493026394320
493020304543
493917277636
493025929711
4930206299899
492283689399
493643430100
492018401255
496321482672
492289165302
492289165302
492289165302
492289165302
4925993439
499412971433
492323162609
4951419335533
4930266412821
4930266443126
4930266351550
4930266422010
493025481172
49302662814
49302662814
496221910710
493514695540
492323162609
493088007100
495412019719810
4922855046109
493085404458
494043202200
498968074592
494401708318
495117628998
498341922019
4930288769819
492289401330
49892289312
492519362455
498912492662
49221806114
4934021032285
493089031830
493089035613
493089035613
496103704147
493743776219
4969478632901
4941229862109
4934202772405
4934202772405
496975897479
493063990630
493025800218
493040040232
499745345019
494419293101
494419293101
494419293101
498992358850
498992358850
49721155666
4930186814225
493022736878493022736979
49402369439
49307741319
4952161284
492032809005
4922041639
496131371044
497141902319
498950095111
493612253466
493518145109
499317842200
496221507155
4962213893655
496271807655
497136962655
496229921555
499112000101
4994179881505
49942143070505
49991372128505
4985195519505
4985195519585
49954544550505
4991167096505
4991744732505
4994429186505
4991167096541
499418109101
493518432381
493518432368
493534280330
49493421729530
493491434381
493915302417
493922283200
493932273333
4938779234323
4934713460930
493461331650
493922283299
494861615325
49468294850536
494861615359
49472581593585
494861615106
494721567103
494044110365
4941039314130
494141411185
4941249365310
4941039314491
494921802379
494921802379
494921802379
494921802379
494921802379
494921802379
49593184828222
495931848175
495933934595
49440592901155
495931848121
494153558448
4945428440635
49388454492935
4941528469135
493875650035
4938714510335
4939911815535
4941528469114
496021385101
4906021395102
49696786887522
49618192338522
4993729902522
49934293489522
499721206101
49935199064319
4993325049319
4993818483319
4995219435319
4993161993501
49531866031400
495137825292140
49511950852240
49531866032340
49511950852940
4957164581200
495461945912100
495472949912200
4957164582300
4957164582900
4958190791177
4958190791177
4958190791177
4958190791177
4958190791177
4958190791177
4926198193155
4964414479925
496432952825
492605964015
492671602315
496542937915
496816002155
496513609155
496531963715
496507938114
4965839939315
496513609157
4971125552155
497133200655
497144888655
4971125552455
4971317977455
494852885408
494313603414
494331594203
494313603276
494331594449
4976127183155
49766790663155
49785148566155
49722918512555
49722918512155
496211505155
497215650639
496232606139
496241653539
496133940639
493334276171
493334276171
493334276171
493334276171
493334276171
493334276171
493334276171
493334276171
493334276171
49383124930
494313603317
4945138885582
493841460925
493841460925
493831249529
4915438885582
493831249529
493831249529
493831249529
496721306155
4961154107726
496741920326
4926198192777
4926334729524
4922197350222
4922197350222
4922197350222
4922197350222
493381266321
4933128157206
493381266455
493385539824
493933873325
493381266468
4955419521400
4955419521400
4955419521400
4955419521400
4955419521400
4955419521400
4942318981333
4957051443132199
4950218877702299
494231970815
4951432083
4942516729892999
494215378400
494215378400
494215378400
494215378400
494215378400
494714835210
494714835210
494421186308
492034504333
492034109598
49232392235508
492819423198
492362921738
492363910048
4923239850224
495971916222
495971916222
495971916222
495971916222
495971916222
495971916222
495971916222
492066418315
4928229130377
492811648698
492066993977
4960213123101
493069532405
492363104222
4951191155140
4939153522142214
494313603414
496221507455
493069532201
493033080524
493068297917
493362740727
493367843325
493361773230
493065481515
493022738283
498463652607
4965191292600
498459802022
494351467120
49865176821338
495931432091
492619836921424
495192136355
49812295903902
494421493456
493020372303
4930726161212
497112397712
498954461612
4930726161199
4940808034312
4969365062632
492114561193
493026394850
492213776200
493025491684
494318814520
494042834450
4922899370177
4943154091598
498937558495070
492281072971
496131979157
4969494817
49832167552111
4951176219245
4922519533002
496211235224
4922519535055
493319714507
49258194114649
492451992255
493312899140
493341582339
492615794205577
492161185
4950218003017
4922843320420
4926514972202
493069583569
493355632021
493562952102
493974650306
493069583201
4935121346111
493581464555
493416885537
4920127963190
492416098199
492114217462
49282159767
492216728699
492203591645
492518701199
495921880411
496950775117
496969052521
496313427100
495613109833
496815016383
494067571201
494718002277
49431200834111
493815196699
4951133611140
495215246133
494215099337
49391503100
498951091180
4983829313111
498997590606
4991194631799
4996139177201
49711520411060
4976128298500
497219729101
4977329948111
492216724500
493050010485
492289122212
4930259272860
495619327970
495619327970
